===== biseccion =====
iter	inf		sup		raiz
1	0.0000000000	0.5000000000	0.2500000000
2	0.0000000000	0.2500000000	0.1250000000
3	0.1250000000	0.2500000000	0.1875000000
4	0.1875000000	0.2500000000	0.2187500000
5	0.1875000000	0.2187500000	0.2031250000
6	0.1875000000	0.2031250000	0.1953125000
7	0.1953125000	0.2031250000	0.1992187500
8	0.1992187500	0.2031250000	0.2011718750
9	0.2011718750	0.2031250000	0.2021484375
10	0.2011718750	0.2021484375	0.2016601562
11	0.2011718750	0.2016601562	0.2014160156
12	0.2014160156	0.2016601562	0.2015380859
13	0.2015380859	0.2016601562	0.2015991211
14	0.2015991211	0.2016601562	0.2016296387
15	0.2016296387	0.2016601562	0.2016448975
16	0.2016296387	0.2016448975	0.2016372681
17	0.2016372681	0.2016448975	0.2016410828
18	0.2016372681	0.2016410828	0.2016391754
19	0.2016391754	0.2016410828	0.2016401291
20	0.2016391754	0.2016401291	0.2016396523
21	0.2016396523	0.2016401291	0.2016398907
22	0.2016396523	0.2016398907	0.2016397715
23	0.2016396523	0.2016397715	0.2016397119
24	0.2016396523	0.2016397119	0.2016396821
25	0.2016396523	0.2016396821	0.2016396672
26	0.2016396672	0.2016396821	0.2016396746
27	0.2016396746	0.2016396821	0.2016396783
28	0.2016396746	0.2016396783	0.2016396765
29	0.2016396746	0.2016396765	0.2016396755

Raiz = 0.2016396755 | iter = 29 | f(raiz) = 0.0000000009
===== falsepos =====
iter	inf		sup		raiz
1	0.0000000000	0.2500000000	0.2500000000
2	0.1250000000	0.2025316456	0.2025316456
3	0.1637658228	0.2016470312	0.2016470312
4	0.1827064270	0.2016397080	0.2016397080
5	0.1921730675	0.2016396758	0.2016396758
6	0.1969063716	0.2016396757	0.2016396757
7	0.1992730237	0.2016396757	0.2016396757
8	0.2016396757	0.2016396757	0.2016396757

Raiz = 0.2016396757 | iter = 8 | f(raiz) = 0.0000000000
===== brent =====
iter	inf		sup		raiz
1	0.0000000000	0.2500000000	0.2500000000
2	0.0000000000	0.2025316456	0.2025316456
3	0.2016377415	0.2025316456	0.2016377415
4	0.2016377415	0.2016396759	0.2016396759
5	0.2016377415	0.2016396757	0.2016396757
6	0.2016396757	0.2016396757	0.2016396757

Raiz = 0.2016396757 | iter = 6 | f(raiz) = 0.0000000000
===== newton =====
iter	x
1	0.1764705882
2	0.2015680743
3	0.2016396751
4	0.2016396757

Raiz = 0.2016396757 | iter = 4 | f(raiz) = 0.0000000000
===== secante =====
iter	x
1	0.1764705882
2	0.2030637026
3	0.2016439339
4	0.2016396750
5	0.2016396757

Raiz = 0.2016396757 | iter = 5 | f(raiz) = -0.0000000000
===== steffenson =====
iter	x
1	0.1764705882
2	0.2015680743
3	0.2016398799
4	0.2016396757
5	0.2016396757

Raiz = 0.2016396757 | iter = 5 | f(raiz) = 0.0000000000
